$SPEC_ID:
none
$SPEC_REM:
DET# 1
DETDESC# Donnie Sheehan III - Easy-MCA-2k SN 14163589
AP# Maestro Version 7.01
$DATE_MEA:
09/05/2018 14:03:37
$MEAS_TIM:
599 599
$DATA:
0 2047
       0
       0
       0
       0
       0
       0
       0
       0
       0
       0
       0
       0
       0
       0
       0
       0
       0
       2
      40
      55
      75
     129
     211
     313
     381
     488
     434
     351
     305
     205
     119
      95
      64
      39
      31
      40
      43
      54
      54
      56
      49
      46
      54
      56
      45
      43
      54
      62
      45
      62
      60
      78
      86
     102
     114
     123
     140
     162
     216
     201
     212
     241
     206
     220
     220
     194
     147
     120
     135
     111
      97
      75
      85
      73
      76
      73
      67
      67
      62
      61
      73
      65
      69
      60
      69
      68
      76
      67
      62
      63
      61
      95
      74
      52
      69
      60
      74
      69
      72
      68
      54
      65
      75
      66
      59
      63
      67
      75
      65
      74
      63
      67
      63
      67
      86
      68
      68
      66
      75
      55
      71
      65
      77
      52
      55
      65
      58
      67
      68
      58
      64
      66
      67
      64
      56
      51
      47
      68
      58
      48
      46
      61
      52
      59
      57
      62
      50
      53
      55
      47
      48
      60
      45
      53
      49
      38
      60
      57
      45
      65
      56
      54
      47
      53
      48
      48
      58
      52
      48
      49
      48
      46
      45
      43
      54
      49
      43
      51
      57
      53
      64
      46
      58
      52
      49
      53
      63
      57
      50
      58
      62
      53
      58
      42
      58
      57
      66
      51
      76
      61
      62
      72
      53
      53
      59
      49
      60
      55
      47
      58
      44
      51
      49
      52
      45
      71
      70
      81
      71
      70
      66
      84
      88
      81
      66
      97
      87
     108
      87
      95
     102
      85
      92
      89
      65
      82
      73
      76
      79
      75
      54
      58
      51
      61
      47
      58
      45
      36
      44
      26
      48
      42
      29
      46
      32
      26
      27
      33
      27
      34
      30
      26
      24
      35
      23
      38
      26
      21
      18
      27
      25
      28
      27
      29
      22
      24
      30
      17
      25
      22
      24
      28
      23
      16
      15
      29
      21
      26
      19
      23
      25
      22
      24
      22
      30
      13
      18
      28
      23
      24
      10
      15
      25
      14
      19
      22
      21
      23
      38
      18
      14
      29
      20
      34
      28
      21
      20
      28
      22
      24
      24
      14
      25
      30
      26
      21
      18
      28
      22
      20
      31
      27
      22
      17
      18
      26
      20
      25
      23
      24
      33
      23
      17
      27
      16
      21
      27
      27
      20
      32
      23
      20
      25
      18
      31
      23
      27
      28
      14
      28
      11
      23
      22
      11
      14
      24
      25
      19
      26
      23
      29
      31
      28
      20
      19
      21
      23
      19
      28
      18
      24
      25
      18
      24
      15
      22
      23
      20
      23
      26
      32
      24
      23
      25
      22
      25
      24
      19
      30
      27
      23
      18
      19
      11
      17
      18
      17
      15
      19
      19
      14
      18
      14
      16
      19
      18
      17
      20
      18
      14
      12
      17
      10
      23
       4
      13
      15
      20
      11
      12
      20
      13
      11
      16
      22
      10
      13
      12
      17
      12
      13
      11
      17
      14
      13
      13
      12
      13
      20
      13
      12
      15
       8
       6
      13
      12
      14
      13
       7
      10
      14
      15
      14
      15
       9
      10
      17
      11
      12
      14
      11
      11
      13
      17
      16
       6
      17
      11
      14
      11
      10
      12
      11
       9
      11
      10
      12
      21
      10
      11
      11
       7
      17
      15
      15
      11
      11
      11
      12
      17
      10
      17
      17
      16
       8
      14
      10
      14
       9
      11
      15
      11
      12
      17
      11
       8
      14
       7
      15
      12
      17
       8
      14
      11
      14
      15
      16
      15
      15
      17
       7
      18
      13
       9
      12
       8
      16
      11
      17
      12
      14
      14
       9
      15
      12
      21
       7
      10
       6
      14
      10
      12
      10
       8
      11
      16
      14
      12
       8
       7
      20
       8
      12
      17
      11
       8
       6
      11
       7
       8
       7
      14
      12
       8
      18
       6
       5
      13
      12
      12
      10
      11
      13
      12
      14
       7
      12
      11
      12
      12
      10
      15
      14
      14
      19
      16
      11
      20
      12
       7
      20
      13
      12
      10
       8
      13
      14
       6
      13
      10
      14
      13
      11
      10
       9
      12
       7
      14
       9
      11
       7
      14
      21
       8
      15
      11
       7
       8
       9
      16
      11
      12
       8
      10
       6
       7
      10
       9
      13
       2
      10
      13
       7
       5
      14
      12
       3
      11
       6
      11
       8
       7
      18
       6
      10
       6
       8
       8
       6
       5
       9
       8
      18
      11
       9
       8
      11
       5
      10
       6
      11
      11
       7
      10
      14
       8
       7
      11
       7
       5
       4
       7
       8
       9
       7
       5
       5
       6
      12
       7
       4
       9
       3
       6
       8
       6
       8
       6
      14
       5
       5
      14
       9
       4
       3
       5
       6
      10
      11
       7
       4
       4
      14
       6
       7
       9
       8
       4
       6
       4
       5
       7
      10
       7
       5
      13
      12
       8
       6
      12
      15
      11
      11
       9
      15
      11
      14
      16
       8
      12
      12
       8
       3
      11
       6
      11
      13
       8
      11
      10
      12
      13
      14
       8
      15
      10
      15
       8
      11
      15
       5
      10
      10
       8
       7
      11
       8
      11
       7
       9
      13
      10
       6
       6
       7
       3
       9
      11
      14
       4
      11
       3
       8
       6
       6
       8
       5
       6
       5
       7
       5
       4
       0
       6
       7
       9
       6
       7
       5
       4
       6
       9
       6
       5
       1
       6
       4
       6
       5
       5
       5
       2
       1
       5
       5
       1
       5
       3
       3
       4
       3
       5
       4
       2
       3
       5
       0
       5
       4
       2
       2
       7
       3
       4
       2
       4
       3
       0
       5
       3
       2
       3
       1
       1
       4
       3
       5
       4
       3
       2
       3
       4
       1
       2
       1
       3
       4
       2
       3
       3
       5
       1
       0
       3
       3
       1
       1
       0
       1
       2
       6
       2
       4
       4
       2
       4
       1
       1
       2
       1
       5
       1
       1
       1
       2
       4
       1
       2
       2
       6
       1
       3
       1
       0
       2
       1
       4
       2
       3
       1
       1
       1
       1
       2
       5
       2
       4
       3
       1
       0
       0
       1
       3
       1
       7
       1
       1
       2
       6
       0
       4
       1
       2
       1
       2
       0
       5
       2
       1
       3
       0
       0
       2
       2
       2
       3
       1
       0
       3
       1
       1
       0
       3
       2
       0
       2
       3
       2
       2
       1
       1
       1
       2
       3
       2
       1
       1
       1
       2
       3
       5
       1
       4
       3
       0
       3
       1
       0
       3
       2
       0
       1
       1
       0
       1
       5
       2
       3
       3
       0
       3
       1
       1
       3
       2
       0
       0
       1
       0
       3
       2
       2
       4
       1
       2
       3
       0
       2
       1
       2
       2
       1
       4
       4
       3
       3
       3
       3
       1
       1
       3
       3
       3
       0
       4
       1
       2
       3
       2
       2
       1
       0
       2
       2
       3
       2
       3
       2
       2
       2
       0
       3
       4
       2
       0
       3
       3
       0
       5
       2
       2
       2
       0
       2
       2
       2
       1
       1
       2
       3
       0
       2
       3
       1
       0
       1
       2
       3
       0
       1
       0
       1
       1
       1
       2
       1
       2
       2
       2
       3
       0
       0
       1
       2
       1
       0
       3
       2
       2
       0
       0
       0
       4
       1
       0
       0
       3
       1
       1
       1
       1
       0
       4
       1
       0
       2
       0
       2
       1
       0
       3
       0
       1
       2
       1
       0
       2
       0
       3
       2
       2
       1
       1
       1
       1
       2
       2
       1
       0
       0
       1
       4
       3
       1
       0
       1
       3
       2
       1
       2
       1
       2
       2
       1
       2
       1
       1
       4
       2
       2
       0
       3
       0
       1
       0
       1
       2
       3
       1
       2
       2
       1
       1
       0
       1
       1
       8
       1
       2
       1
       2
       3
       3
       2
       1
       3
       3
       2
       4
       3
       3
       2
       0
       0
       1
       2
       0
       3
       4
       0
       0
       0
       2
       3
       0
       1
       2
       4
       0
       0
       2
       2
       1
       0
       2
       0
       3
       1
       1
       2
       1
       1
       4
       0
       1
       1
       2
       2
       0
       1
       1
       1
       0
       1
       2
       1
       1
       0
       1
       0
       1
       2
       0
       0
       0
       0
       0
       1
       0
       0
       1
       1
       0
       0
       1
       0
       2
       1
       0
       0
       0
       0
       1
       0
       0
       0
       0
       0
       0
       0
       0
       0
       0
       0
       0
       1
       0
       0
       0
       0
       0
       1
       0
       1
       0
       0
       0
       0
       0
       0
       0
       0
       0
       1
       0
       1
       0
       0
       0
       0
       0
       1
       0
       0
       0
       0
       0
       1
       0
       0
       0
       0
       0
       0
       0
       0
       0
       0
       0
       0
       0
       0
       0
       0
       0
       0
       0
       0
       0
       0
       0
       1
       0
       0
       0
       0
       0
       0
       0
       0
       1
       0
       0
       0
       0
       0
       0
       0
       0
       0
       0
       0
       1
       0
       1
       0
       0
       0
       0
       0
       0
       1
       0
       0
       1
       0
       0
       0
       0
       0
       0
       0
       0
       0
       0
       2
       0
       0
       0
       0
       0
       0
       0
       0
       0
       0
       0
       1
       0
       1
       0
       0
       0
       0
       0
       0
       0
       0
       1
       0
       0
       0
       0
       0
       0
       0
       0
       0
       0
       0
       0
       0
       0
       0
       0
       0
       0
       0
       0
       1
       2
       0
       1
       0
       0
       0
       0
       0
       0
       1
       0
       0
       0
       0
       0
       0
       0
       0
       0
       0
       0
       1
       1
       0
       0
       0
       0
       0
       0
       0
       0
       0
       1
       0
       0
       0
       1
       0
       0
       1
       0
       0
       0
       0
       0
       0
       0
       0
       0
       0
       0
       0
       0
       0
       0
       0
       0
       0
       0
       0
       1
       0
       0
       0
       0
       1
       0
       1
       1
       0
       0
       0
       0
       1
       1
       0
       0
       0
       0
       0
       0
       1
       0
       0
       0
       0
       0
       0
       0
       1
       0
       0
       0
       1
       0
       0
       1
       0
       0
       0
       1
       0
       0
       0
       0
       0
       0
       1
       0
       0
       0
       0
       0
       1
       0
       2
       0
       0
       0
       0
       0
       0
       1
       0
       0
       1
       0
       0
       0
       0
       0
       0
       0
       0
       0
       0
       0
       0
       0
       0
       0
       0
       0
       0
       0
       0
       0
       1
       0
       0
       0
       0
       0
       0
       0
       0
       0
       0
       0
       0
       0
       0
       0
       0
       0
       0
       0
       0
       0
       0
       0
       0
       0
       0
       1
       0
       0
       0
       0
       0
       1
       0
       0
       0
       0
       0
       0
       0
       0
       0
       0
       0
       0
       0
       0
       0
       0
       0
       0
       1
       0
       0
       0
       0
       0
       0
       0
       0
       0
       0
       0
       0
       0
       0
       0
       0
       0
       0
       0
       0
       0
       0
       0
       0
       0
       0
       0
       0
       0
       0
       1
       0
       0
       0
       0
       0
       0
       0
       0
       0
       1
       1
       0
       0
       0
       0
       2
       0
       0
       0
       0
       0
       0
       0
       0
       0
       0
       0
       1
       1
       0
       0
       0
       0
       0
       0
       1
       0
       0
       0
       0
       0
       0
       0
       0
       0
       1
       0
       0
       0
       0
       0
       0
       0
       1
       0
       0
       0
       0
       0
       1
       0
       0
       1
       1
       0
       0
       0
       0
       0
       0
       0
       0
       0
       0
       0
       0
       0
       0
       0
       0
       0
       0
       0
       0
       0
       1
       0
       0
       0
       0
       1
       0
       1
       0
       0
       0
       0
       2
       0
       1
       0
       0
       0
       0
       0
       0
       0
       1
       0
       0
       0
       0
       0
       0
       1
       0
       0
       0
       0
       0
       0
       0
       0
       0
       0
       0
       0
       0
       0
       0
       0
       0
       0
       0
       0
       1
       0
       0
       0
       0
       0
       0
       1
       0
       0
       0
       0
       0
       0
       0
       0
       0
       0
       0
       0
       0
       0
       0
       0
       0
       0
       0
       0
       0
       0
       0
       0
       0
       0
       0
       0
       0
       0
       0
       0
       0
       0
       0
       0
       0
       0
       0
       0
       0
       0
       0
       0
       0
       0
       0
       0
       0
       0
       0
       0
       0
       0
       0
       0
       0
       0
       0
       0
       0
       0
       0
       0
       0
       0
       0
       0
       0
       0
       0
       0
       0
       0
       0
       0
       0
       0
       0
       0
       0
       0
       0
       0
       0
       0
       0
       0
       0
       0
       0
       0
       0
       0
       0
       0
       0
       0
       0
       0
       0
       0
       0
       0
       0
       0
       0
       0
       0
       0
       0
       0
       0
       0
       0
       0
       0
       0
       0
       0
       0
       0
       0
       0
       0
       0
       0
       0
       0
       0
       0
       0
       0
       0
       0
       0
       0
       0
       0
       0
       0
       0
       0
       0
       0
       0
       0
       0
       0
       0
       0
       0
       0
       0
       0
       0
       0
       0
       0
       0
       0
       0
       0
       0
       0
       0
       0
       0
       0
       0
       0
       0
       0
       0
       0
       0
       0
       0
       0
       0
       0
       0
       0
       0
       0
       0
       0
       0
       0
       0
       0
       0
       0
       0
       0
       0
       0
       0
       0
       0
       0
       0
       0
       0
       0
       0
       0
       0
       0
       0
       0
       0
       0
       0
       0
       0
       0
       0
       0
       0
       0
       0
       0
       0
       0
       0
       0
       0
       0
       0
       0
       0
       0
       0
       0
       0
       0
       0
       0
       0
       0
       0
       0
       0
       0
       0
       0
       0
       0
       0
       0
       0
       0
       0
       0
       0
       0
       0
       0
       0
       0
       0
       0
       0
       0
       0
       0
       0
       0
       0
       0
       0
       0
       0
$ROI:
2
373 492
1867 1927
$PRESETS:
Live Time
10000
0
$ENER_FIT:
-0.029155 0.001453
$MCA_CAL:
3
-2.915530E-002 1.453416E-003 0.000000E+000 keV
$SHAPE_CAL:
3
0.000000E+000 0.000000E+000 0.000000E+000
