$SPEC_ID:
none
$SPEC_REM:
DET# 1
DETDESC# Donnie Sheehan III - Easy-MCA-2k SN 14163589
AP# Maestro Version 7.01
$DATE_MEA:
09/05/2018 13:36:25
$MEAS_TIM:
600 600
$DATA:
0 2047
       0
       0
       0
       0
       0
       0
       0
       0
       0
       0
       0
       0
       0
       0
       0
       0
       0
       1
      10
      19
      20
      20
      21
      19
      20
      26
      24
      26
      18
      11
      23
      24
      21
      29
      24
      31
      31
      38
      25
      31
      28
      30
      29
      38
      28
      45
      48
      48
      36
      39
      49
      72
      84
      85
      85
      70
      96
      95
     100
      81
     100
      98
      76
      90
      90
      79
      85
      86
      84
      90
      74
      81
      61
      71
      73
      63
      66
      63
      66
      59
      57
      59
      65
      40
      48
      53
      62
      53
      77
      59
      71
      66
      68
      53
      49
      54
      65
      55
      62
      60
      52
      56
      60
      68
      63
      78
      49
      57
      60
      43
      71
      52
      49
      54
      56
      59
      62
      45
      53
      47
      52
      58
      48
      44
      38
      39
      52
      49
      54
      43
      55
      53
      55
      44
      50
      51
      42
      41
      46
      40
      52
      46
      47
      37
      43
      41
      50
      62
      47
      42
      46
      45
      55
      54
      40
      29
      53
      53
      41
      46
      41
      46
      40
      35
      55
      43
      52
      33
      49
      35
      47
      40
      39
      39
      34
      45
      43
      33
      36
      33
      40
      38
      39
      35
      26
      42
      29
      42
      33
      36
      45
      40
      40
      23
      30
      43
      39
      31
      31
      36
      29
      31
      29
      26
      36
      28
      35
      35
      33
      30
      36
      30
      32
      30
      32
      40
      31
      36
      41
      31
      29
      41
      28
      39
      36
      22
      29
      27
      44
      28
      18
      25
      24
      28
      18
      25
      27
      37
      21
      30
      29
      29
      28
      26
      31
      19
      23
      24
      15
      33
      22
      29
      34
      22
      28
      18
      27
      20
      20
      23
      28
      26
      27
      23
      36
      20
      30
      21
      18
      21
      29
      21
      15
      20
      22
      20
      22
      17
      25
      17
      21
      20
      29
      33
      21
      26
      26
      25
      29
      24
      19
      15
      16
      22
      21
      24
      23
      29
      25
      22
      20
      23
      19
      25
      31
      16
      13
      24
      19
      20
      18
      32
      13
      31
      22
      28
      24
      28
      24
      18
      23
      23
      30
      15
      20
      19
      24
      11
      21
      18
      27
      25
      19
      22
      26
      25
      28
      14
      32
      18
      27
      30
      29
      22
      24
      20
      23
      16
      15
      22
      30
      23
      36
      31
      26
      22
      18
      27
      20
      35
      24
      21
      20
      23
      21
      23
      28
      18
      20
      27
      32
      30
      17
      21
      21
      26
      23
      28
      25
      40
      25
      36
      30
      25
      19
      32
      29
      23
      24
      38
      31
      28
      31
      33
      29
      34
      22
      23
      23
      18
      24
      25
      25
      30
      24
      15
      18
      25
      20
      23
      15
      22
      24
      25
      20
      19
      10
      19
      19
      18
      17
      19
      19
      30
      17
      13
      14
      13
      21
      14
      17
      20
      18
      14
      14
      15
      14
      18
      16
      11
       9
      17
      17
      18
      12
      22
      13
      17
      18
      12
      15
      15
      12
      15
      15
      13
       9
      10
      13
      12
      18
      12
       8
      18
      13
      10
      15
      10
      12
      10
      10
      14
      15
      14
      17
      10
      10
      13
      16
      11
      18
      15
       9
      15
       9
      17
      13
      14
      14
      17
      19
      16
      13
      13
      17
      15
      10
      15
      17
      12
      10
      18
      12
      10
      18
      14
      18
      16
      20
      10
      12
      18
       9
      13
       6
       8
       8
      14
       8
      10
      13
       8
       8
      15
      10
      14
       8
      13
      15
      15
      19
      11
       9
      10
      13
      15
      11
      18
      13
      17
      18
      16
      13
      19
      13
      15
       8
       9
      14
      11
       8
      20
      12
       9
       5
      12
       7
      12
      12
      10
       9
      15
      11
      11
       9
       5
       5
      17
       7
       9
      11
       8
      12
      17
      13
      20
      17
      12
       6
      14
      16
      13
      10
      19
      10
      10
      22
      16
      15
      13
      13
       6
      16
      16
      11
      11
      12
       7
      16
      10
      11
       9
      14
      13
      15
       9
       8
       7
      18
      12
      21
      16
      11
       7
      12
       9
      16
       9
       7
      10
      10
      10
       7
      13
       6
       7
       6
      11
      13
      10
       6
       9
       9
       9
       7
      12
       6
       8
       7
       6
      13
       9
      12
       8
       8
       9
       7
       9
       6
       9
       6
       4
      10
      10
      15
       6
       9
       2
       7
       4
       4
       8
      10
       8
      10
       5
      10
      10
       9
       9
      11
      10
       7
       4
       7
       9
       5
       7
       6
       5
       5
       5
      12
       5
      14
       7
       5
       6
       8
       4
       9
       3
       7
       5
       5
       1
       8
      12
       3
       1
       5
       4
       4
       8
       5
       8
       7
       3
       6
       6
       9
      13
      10
       6
       7
      11
      15
      14
      12
       8
      13
       5
      13
       7
       6
       9
       5
       7
       9
       6
      12
       6
       7
      18
       7
       4
       9
      11
       5
      10
       8
      11
      18
       9
      11
      12
       6
       3
      11
       8
      10
      11
      13
      12
       7
       9
       9
      12
       9
       8
      10
      16
       5
      10
       5
      10
       7
      14
       7
      10
       7
       6
       8
       6
      10
       7
       8
       9
       6
      10
       3
       5
       7
       9
       8
       7
       5
       6
       8
       4
       7
       3
       6
      10
       4
      12
       8
       4
       4
       9
       7
       6
       7
       4
       2
       9
       4
       1
       4
       4
       4
       4
       4
       5
       4
       0
       4
       1
       2
       4
       1
       2
       2
       2
       2
       8
       1
       1
       3
       1
       5
       3
       3
       3
       3
       1
       3
       2
       3
       2
       5
       2
       0
       3
       1
       5
       3
       5
       4
       3
       1
       2
       5
       5
       2
       4
       7
       2
       2
       7
       3
       3
       1
       4
       4
       1
       3
       2
       0
       3
       3
       3
       1
       5
       2
       4
       2
       6
       5
       3
       0
       2
       2
       2
       2
       1
       1
       1
       5
       1
       2
       4
       2
       5
       3
       1
       0
       3
       1
       3
       2
       3
       4
       2
       3
       0
       1
       1
       0
       1
       2
       1
       2
       0
       2
       2
       4
       0
       4
       2
       1
       2
       2
       1
       1
       3
       4
       2
       3
       1
       1
       4
       0
       1
       3
       2
       0
       2
       3
       5
       0
       2
       2
       1
       3
       1
       2
       4
       0
       1
       0
       3
       2
       2
       2
       3
       3
       0
       0
       1
       2
       4
       1
       3
       1
       3
       2
       1
       0
       1
       2
       2
       0
       1
       1
       2
       2
       1
       3
       1
       0
       1
       3
       1
       1
       0
       2
       6
       1
       0
       2
       2
       0
       1
       1
       1
       2
       0
       3
       2
       2
       1
       1
       2
       1
       3
       2
       1
       3
       3
       1
       2
       0
       3
       1
       2
       2
       1
       1
       4
       0
       2
       4
       3
       1
       1
       1
       1
       3
       2
       2
       0
       3
       0
       3
       1
       2
       1
       0
       1
       1
       0
       2
       1
       3
       0
       0
       0
       2
       2
       1
       1
       1
       3
       1
       2
       0
       2
       1
       1
       0
       2
       0
       1
       1
       0
       2
       3
       0
       2
       4
       3
       1
       2
       0
       1
       1
       1
       0
       2
       2
       2
       2
       1
       0
       0
       0
       0
       0
       1
       0
       2
       0
       1
       1
       0
       0
       1
       2
       0
       3
       0
       1
       0
       1
       1
       1
       1
       2
       0
       0
       1
       2
       2
       1
       1
       0
       0
       0
       1
       2
       0
       1
       3
       1
       1
       1
       0
       1
       3
       1
       2
       0
       1
       0
       4
       0
       1
       1
       2
       2
       0
       2
       0
       2
       3
       1
       1
       1
       2
       0
       3
       2
       2
       1
       0
       1
       4
       1
       1
       2
       0
       1
       1
       0
       0
       2
       0
       3
       3
       6
       1
       3
       2
       3
       0
       2
       4
       0
       1
       1
       1
       0
       1
       0
       0
       1
       2
       2
       1
       1
       0
       2
       1
       0
       1
       1
       2
       1
       1
       0
       0
       1
       1
       0
       1
       0
       1
       0
       0
       0
       3
       0
       2
       1
       0
       0
       1
       1
       1
       1
       0
       2
       1
       2
       1
       0
       1
       1
       1
       0
       0
       1
       0
       0
       1
       0
       1
       0
       1
       0
       1
       2
       0
       0
       0
       0
       0
       0
       1
       0
       0
       0
       0
       1
       0
       1
       0
       0
       0
       0
       0
       0
       0
       1
       0
       0
       0
       0
       0
       0
       0
       0
       0
       0
       1
       0
       0
       0
       0
       1
       0
       0
       1
       0
       0
       0
       0
       0
       0
       0
       0
       0
       0
       0
       0
       0
       0
       1
       0
       0
       1
       1
       0
       1
       0
       0
       0
       0
       0
       1
       1
       0
       0
       0
       0
       0
       1
       0
       1
       0
       0
       1
       1
       0
       0
       1
       0
       0
       0
       0
       0
       0
       0
       1
       1
       1
       1
       0
       0
       0
       1
       0
       0
       0
       0
       0
       0
       0
       1
       0
       0
       0
       0
       0
       0
       0
       0
       0
       1
       0
       0
       0
       0
       1
       0
       0
       0
       0
       0
       2
       0
       0
       0
       0
       0
       0
       0
       0
       0
       0
       0
       1
       0
       0
       0
       0
       0
       0
       0
       0
       2
       0
       0
       1
       1
       0
       0
       0
       0
       0
       1
       0
       0
       0
       0
       0
       1
       0
       0
       0
       0
       0
       0
       0
       0
       0
       0
       1
       0
       0
       0
       1
       0
       1
       0
       0
       0
       1
       1
       2
       0
       0
       0
       0
       1
       0
       0
       0
       0
       0
       0
       0
       0
       0
       0
       0
       0
       0
       0
       0
       1
       0
       0
       0
       0
       2
       0
       0
       0
       0
       0
       0
       0
       0
       0
       0
       1
       0
       0
       0
       0
       0
       1
       0
       0
       1
       1
       0
       0
       0
       0
       1
       0
       0
       0
       0
       0
       0
       0
       0
       1
       0
       1
       0
       2
       1
       0
       1
       0
       0
       0
       0
       0
       1
       0
       0
       1
       0
       1
       1
       1
       0
       0
       0
       0
       0
       0
       0
       0
       0
       0
       1
       0
       0
       0
       0
       0
       0
       0
       1
       0
       0
       0
       0
       1
       0
       0
       0
       0
       0
       0
       0
       0
       1
       0
       0
       0
       0
       0
       0
       0
       0
       0
       1
       1
       0
       0
       0
       0
       0
       0
       0
       1
       0
       0
       1
       0
       0
       0
       0
       0
       0
       0
       0
       0
       0
       0
       0
       0
       0
       0
       0
       0
       0
       0
       1
       0
       0
       0
       0
       0
       0
       0
       0
       0
       0
       0
       0
       0
       0
       0
       0
       0
       2
       0
       1
       0
       0
       0
       0
       0
       0
       0
       0
       0
       0
       0
       0
       0
       0
       0
       0
       0
       0
       0
       0
       1
       1
       0
       0
       1
       0
       0
       0
       0
       0
       0
       0
       0
       0
       0
       0
       0
       0
       0
       1
       0
       0
       0
       0
       0
       0
       1
       0
       0
       0
       0
       0
       0
       0
       1
       0
       0
       0
       0
       0
       0
       0
       0
       0
       0
       1
       0
       0
       0
       0
       1
       1
       0
       0
       0
       0
       1
       0
       0
       0
       0
       0
       0
       0
       2
       0
       2
       0
       0
       0
       0
       0
       1
       0
       0
       0
       0
       1
       0
       0
       1
       0
       1
       0
       0
       0
       1
       0
       0
       0
       0
       0
       0
       1
       0
       0
       0
       0
       0
       0
       0
       0
       0
       0
       0
       0
       0
       0
       0
       0
       0
       0
       0
       0
       0
       1
       0
       1
       0
       0
       0
       0
       0
       0
       0
       0
       0
       0
       0
       0
       0
       1
       0
       0
       0
       0
       0
       0
       0
       0
       0
       0
       0
       0
       0
       1
       0
       0
       0
       0
       1
       0
       0
       0
       0
       0
       0
       0
       0
       0
       0
       0
       0
       0
       0
       0
       0
       0
       0
       0
       0
       0
       0
       0
       0
       0
       0
       0
       0
       0
       0
       0
       0
       0
       0
       0
       0
       0
       0
       0
       0
       0
       0
       0
       0
       0
       0
       0
       0
       0
       0
       0
       0
       0
       0
       0
       0
       0
       0
       0
       0
       0
       0
       0
       0
       0
       0
       0
       0
       0
       0
       0
       0
       0
       0
       0
       0
       0
       0
       0
       0
       0
       0
       0
       0
       0
       0
       0
       0
       0
       0
       0
       0
       0
       0
       0
       0
       0
       0
       0
       0
       0
       0
       0
       0
       0
       0
       0
       0
       0
       0
       0
       0
       0
       0
       0
       0
       0
       0
       0
       0
       0
       0
       0
       0
       0
       0
       0
       0
       0
       0
       0
       0
       0
       0
       0
       0
       0
       0
       0
       0
       0
       0
       0
       0
       0
       0
       0
       0
       0
       0
       0
       0
       0
       0
       0
       0
       0
       0
       0
       0
       0
       0
       0
       0
       0
       0
       0
       0
       0
       0
       0
       0
       0
       0
       0
       0
       0
       0
       0
       0
       0
       0
       0
       0
       0
       0
       0
       0
       0
       0
       0
       0
       0
       0
       0
       0
       0
       0
       0
       0
       0
       0
       0
       0
       0
       0
       0
       0
       0
       0
       0
       0
       0
       0
       0
       0
       0
       0
       0
       0
       0
       0
       0
       0
       0
       0
       0
       0
       0
       0
       0
       0
       0
       0
       0
       0
       0
       0
       0
       0
       0
       0
       0
       0
       0
       0
       0
       0
       0
       0
       0
       0
       0
       0
       0
       0
       0
       0
       0
       0
       0
       0
       0
       0
       0
       0
       0
       0
       0
       0
$ROI:
2
373 492
1867 1927
$PRESETS:
Live Time
10000
0
$ENER_FIT:
-0.029155 0.001453
$MCA_CAL:
3
-2.915530E-002 1.453416E-003 0.000000E+000 keV
$SHAPE_CAL:
3
0.000000E+000 0.000000E+000 0.000000E+000
