$SPEC_ID:
none
$SPEC_REM:
DET# 1
DETDESC# Donnie Sheehan III - Easy-MCA-2k SN 14163589
AP# Maestro Version 7.01
$DATE_MEA:
09/05/2018 14:19:19
$MEAS_TIM:
598 599
$DATA:
0 2047
       0
       0
       0
       0
       0
       0
       0
       0
       0
       0
       0
       0
       1
       0
       0
       0
       0
       9
     309
     335
     352
     345
     462
     549
     591
     624
     562
     512
     497
     454
     401
     421
     394
     442
     413
     417
     462
     429
     473
     466
     449
     457
     480
     545
     499
     503
     614
     662
     667
     832
     867
    1045
    1284
    1474
    1816
    2136
    2439
    2805
    3005
    3275
    3508
    3669
    3750
    3842
    4204
    4310
    4403
    4511
    4546
    4432
    4251
    3995
    3809
    3678
    3502
    3347
    3281
    3544
    3751
    4159
    5011
    6166
    7582
    9682
   11937
   14645
   17108
   19209
   21010
   21331
   20998
   20182
   18264
   15904
   13618
   11173
    9087
    7138
    5728
    4469
    3691
    2919
    2294
    1870
    1443
    1051
     779
     545
     393
     290
     213
     143
     107
      93
      73
      58
      60
      62
      59
      51
      56
      65
      58
      61
      67
      45
      43
      56
      51
      48
      38
      53
      64
      52
      50
      58
      59
      56
      48
      50
      43
      48
      57
      47
      63
      47
      53
      59
      38
      40
      47
      48
      52
      42
      58
      48
      66
      37
      40
      37
      41
      57
      43
      44
      45
      40
      49
      51
      33
      33
      42
      49
      54
      46
      40
      33
      35
      46
      38
      41
      36
      38
      39
      28
      29
      32
      48
      48
      36
      34
      43
      34
      39
      33
      34
      34
      48
      37
      38
      44
      32
      34
      29
      29
      34
      37
      36
      36
      38
      43
      31
      42
      35
      35
      42
      26
      36
      31
      45
      37
      41
      31
      35
      36
      34
      29
      37
      30
      29
      22
      30
      28
      33
      29
      21
      29
      27
      18
      28
      27
      27
      29
      21
      35
      29
      26
      22
      32
      33
      21
      18
      28
      24
      17
      31
      29
      32
      24
      27
      24
      24
      21
      25
      22
      20
      23
      21
      22
      19
      25
      30
      18
      23
      13
      26
      21
      22
      17
      28
      24
      17
      23
      24
      16
      26
      32
      26
      30
      25
      22
      25
      26
      29
      19
      16
      28
      20
      26
      29
      37
      22
      27
      28
      24
      31
      20
      14
      28
      21
      27
      30
      28
      29
      19
      24
      17
      25
      23
      20
      20
      29
      33
      23
      19
      22
      25
      25
      27
      17
      29
      24
      26
      25
      34
      27
      26
      24
      31
      29
      27
      23
      24
      23
      19
      25
      31
      24
      29
      27
      23
      24
      20
      22
      22
      17
      22
      30
      22
      24
      29
      24
      29
      19
      19
      19
      23
      21
      23
      14
      22
      22
      15
      20
      22
      24
      19
      13
      24
      27
      24
      22
      27
      21
      22
      22
      22
      26
      26
      19
      16
      23
      29
      29
      19
      32
      23
      15
      29
      19
      38
      22
      23
      23
      32
      16
      19
      19
      29
      24
      35
      24
      26
      16
      22
      26
      32
      23
      24
      17
      17
      23
      16
      13
      19
      14
      16
      11
      14
      19
      16
      17
       8
      17
      24
      16
      16
      19
       8
      20
      18
      17
      23
      14
      12
      18
      19
      13
      14
      17
       9
      12
       8
      16
      16
      13
      12
      12
      11
      11
      19
      23
      17
      14
      10
      14
      16
       9
      12
      13
      14
      12
      10
      18
      15
       8
      17
      15
       7
      23
      14
       9
       9
      17
      21
       7
      16
      17
      15
      14
      10
       8
      15
      14
      15
       8
       6
      12
      18
      17
       5
      12
      10
      11
      16
      20
      17
      17
       6
      10
      12
      19
      15
      14
       8
      20
      11
      12
       9
      13
      12
      11
       9
      13
      13
      16
      15
      12
       8
       9
      13
      10
      11
      11
      14
      10
       9
      15
       5
      18
      12
      12
      18
       9
      17
      18
       9
       9
       7
      10
      10
      11
      10
      11
       7
       9
       7
      13
      12
      15
       8
       7
      14
      10
      12
      12
       9
       9
       8
       7
      10
      14
      13
      16
       8
      12
       8
       7
      13
      10
      13
       9
       7
      16
      14
       9
       8
      10
      18
      12
      14
      10
      13
      16
       5
      10
      10
      12
       5
      10
      17
       8
      10
      12
       8
       8
       9
       7
      10
      13
      13
       8
       9
      14
       9
       8
      14
      10
       8
      17
       9
       5
       7
      14
      14
       7
      13
      16
      13
      15
      10
      10
      11
       7
       6
      14
       6
       6
      10
      17
       6
       9
       4
      10
       8
       7
       5
       8
       8
      12
      11
      10
      11
       7
       9
       7
      10
       6
      10
       8
      10
       9
       8
       8
       7
       4
       3
       6
       7
       2
       6
       5
       7
       6
       4
      10
       9
      11
       4
       7
       6
       6
       7
       8
       5
       5
       7
       1
       5
       7
       6
       4
       6
       6
       4
       7
       7
       6
       9
       4
       5
       5
       4
      11
       4
       9
       4
      10
       5
       2
       7
       4
       5
       7
      14
       4
       5
       7
       7
      12
       1
       6
       6
       9
       2
      17
       7
       7
       9
       8
       7
      11
       6
      11
       7
      10
       8
       8
      11
       7
       8
       6
      11
       9
      13
       9
       4
       6
       9
      14
      11
      15
      12
      14
       8
       8
      11
      15
      10
       8
      13
      11
       7
       7
       7
       8
       9
       8
       6
      10
       4
      12
      10
       8
       7
      12
      12
      14
      10
       6
       9
       4
       5
      11
       7
       6
       4
       9
       7
       4
       6
       7
       5
       7
       9
       3
       6
       8
       4
       4
       3
       6
       6
       3
       6
       3
       6
       4
       5
       3
       3
       6
       7
       9
       5
       3
       6
       6
       0
       6
       3
       1
       0
       5
       4
       5
       3
       4
       3
       4
       3
       1
       5
       3
       6
       3
       2
       5
       7
       2
       1
       7
       4
       2
       2
       5
       3
       3
       2
       2
       2
       3
       2
       2
       3
       2
       1
       1
       1
       5
       5
       2
       5
       2
       1
       1
       6
       2
       3
       3
       1
       6
       3
       2
       2
       2
       2
       9
       3
       1
       5
       2
       1
       8
       3
       1
       3
       3
       3
       1
       3
       3
       2
       0
       3
       1
       3
       1
       2
       1
       4
       0
       6
       1
       2
       1
       2
       2
       1
       0
       3
       3
       4
       1
       0
       2
       4
       3
       1
       3
       1
       1
       3
       4
       0
       3
       3
       2
       2
       0
       2
       3
       1
       1
       2
       1
       0
       1
       2
       2
       1
       1
       2
       3
       2
       3
       5
       1
       2
       3
       2
       1
       3
       3
       2
       1
       2
       1
       3
       2
       2
       0
       5
       3
       3
       0
       3
       0
       2
       1
       2
       1
       2
       3
       0
       0
       1
       3
       3
       3
       0
       2
       1
       2
       1
       3
       0
       0
       2
       1
       2
       1
       2
       2
       1
       4
       2
       2
       2
       1
       6
       3
       4
       1
       1
       2
       3
       1
       2
       3
       0
       2
       3
       1
       0
       1
       3
       2
       1
       2
       4
       2
       1
       0
       1
       1
       2
       2
       1
       3
       1
       2
       0
       2
       4
       4
       4
       1
       1
       1
       2
       1
       0
       0
       1
       0
       2
       1
       2
       4
       2
       1
       1
       6
       1
       0
       0
       6
       3
       3
       2
       2
       1
       0
       0
       0
       0
       1
       0
       1
       3
       1
       1
       3
       1
       1
       1
       0
       3
       2
       1
       2
       1
       5
       0
       0
       0
       0
       0
       1
       2
       0
       2
       0
       0
       1
       1
       3
       0
       0
       1
       1
       0
       0
       1
       2
       1
       2
       3
       1
       2
       1
       1
       2
       2
       1
       1
       0
       1
       0
       2
       0
       0
       0
       1
       0
       1
       0
       0
       0
       1
       1
       1
       1
       2
       2
       1
       0
       0
       1
       3
       1
       1
       0
       1
       1
       2
       1
       1
       1
       2
       1
       1
       1
       0
       1
       1
       2
       1
       2
       2
       1
       1
       0
       1
       0
       1
       2
       2
       0
       0
       0
       0
       3
       2
       0
       2
       1
       1
       1
       2
       2
       0
       1
       1
       3
       1
       0
       1
       1
       2
       1
       1
       3
       0
       1
       3
       0
       1
       1
       0
       2
       2
       2
       0
       3
       0
       2
       1
       0
       0
       0
       0
       1
       0
       1
       1
       1
       2
       0
       0
       1
       0
       2
       0
       2
       1
       0
       0
       2
       2
       1
       0
       1
       1
       2
       1
       1
       0
       0
       1
       1
       0
       0
       0
       0
       0
       0
       1
       0
       1
       0
       0
       0
       0
       0
       0
       0
       0
       0
       0
       0
       1
       0
       0
       0
       1
       0
       1
       0
       0
       1
       0
       0
       0
       0
       0
       0
       0
       0
       0
       0
       0
       1
       0
       0
       1
       0
       0
       0
       0
       0
       1
       0
       0
       0
       0
       0
       0
       0
       0
       0
       1
       0
       0
       0
       0
       0
       0
       0
       0
       0
       0
       0
       0
       0
       1
       0
       0
       0
       0
       1
       1
       0
       1
       0
       1
       0
       0
       0
       1
       0
       0
       1
       0
       0
       0
       0
       0
       1
       0
       0
       0
       0
       0
       0
       0
       1
       0
       0
       0
       0
       0
       1
       0
       0
       0
       1
       0
       1
       0
       0
       0
       0
       1
       1
       1
       0
       0
       0
       0
       0
       0
       0
       0
       0
       1
       0
       0
       0
       0
       2
       0
       0
       0
       0
       0
       0
       0
       0
       0
       0
       0
       0
       0
       0
       0
       0
       0
       1
       0
       0
       0
       1
       0
       0
       1
       1
       1
       0
       0
       0
       0
       0
       0
       1
       0
       0
       0
       0
       0
       0
       0
       0
       0
       0
       1
       2
       0
       0
       0
       0
       0
       0
       0
       0
       0
       0
       0
       0
       0
       1
       1
       0
       1
       0
       0
       0
       0
       0
       0
       0
       1
       0
       1
       0
       0
       0
       1
       0
       0
       0
       0
       0
       0
       0
       1
       0
       0
       0
       0
       0
       0
       0
       0
       0
       0
       0
       0
       0
       0
       0
       0
       0
       0
       0
       0
       0
       0
       1
       0
       0
       0
       0
       0
       0
       0
       0
       0
       0
       0
       0
       0
       0
       0
       0
       0
       0
       0
       0
       0
       0
       0
       1
       0
       0
       0
       1
       0
       1
       0
       0
       0
       0
       0
       0
       0
       0
       0
       0
       0
       1
       0
       0
       0
       0
       0
       0
       0
       0
       0
       0
       0
       1
       0
       0
       0
       0
       0
       1
       0
       0
       0
       0
       1
       0
       0
       0
       0
       0
       0
       0
       0
       0
       0
       0
       0
       0
       0
       0
       0
       0
       0
       0
       0
       0
       0
       0
       1
       0
       0
       0
       0
       0
       0
       0
       1
       0
       0
       0
       0
       0
       0
       1
       0
       0
       0
       0
       0
       1
       0
       1
       0
       0
       0
       0
       1
       0
       0
       0
       0
       0
       0
       0
       0
       0
       0
       0
       0
       0
       0
       0
       0
       0
       0
       0
       0
       1
       0
       0
       0
       1
       1
       0
       1
       0
       1
       0
       0
       0
       0
       0
       1
       0
       2
       0
       0
       0
       0
       0
       0
       0
       0
       0
       0
       0
       0
       0
       0
       1
       0
       0
       0
       2
       0
       0
       0
       0
       0
       0
       0
       0
       0
       0
       1
       0
       1
       0
       0
       0
       0
       0
       0
       1
       2
       0
       0
       0
       0
       0
       0
       0
       0
       1
       1
       0
       0
       0
       0
       0
       0
       1
       1
       0
       1
       0
       0
       0
       1
       0
       0
       0
       0
       0
       0
       0
       0
       0
       0
       0
       0
       0
       0
       0
       0
       0
       0
       0
       0
       0
       0
       1
       0
       0
       0
       0
       0
       0
       0
       0
       1
       0
       0
       0
       0
       1
       0
       0
       0
       0
       0
       0
       1
       0
       1
       0
       0
       0
       0
       0
       0
       0
       0
       0
       0
       1
       1
       0
       0
       0
       0
       0
       0
       1
       0
       0
       0
       0
       0
       0
       0
       0
       0
       0
       0
       0
       0
       0
       0
       0
       0
       0
       0
       0
       0
       0
       0
       0
       0
       0
       0
       0
       0
       0
       0
       0
       0
       0
       0
       0
       0
       0
       0
       0
       0
       0
       0
       0
       0
       0
       0
       0
       0
       0
       0
       0
       0
       0
       0
       0
       0
       0
       0
       0
       0
       0
       0
       0
       0
       0
       0
       0
       0
       0
       0
       0
       0
       0
       0
       0
       0
       0
       0
       0
       0
       0
       0
       0
       0
       0
       0
       0
       0
       0
       0
       0
       0
       0
       0
       0
       0
       0
       0
       0
       0
       0
       0
       0
       0
       0
       0
       0
       0
       0
       0
       0
       0
       0
       0
       0
       0
       0
       0
       0
       0
       0
       0
       0
       0
       0
       0
       0
       0
       0
       0
       0
       0
       0
       0
       0
       0
       0
       0
       0
       0
       0
       0
       0
       0
       0
       0
       0
       0
       0
       0
       0
       0
       0
       0
       0
       0
       0
       0
       0
       0
       0
       0
       0
       0
       0
       0
       0
       0
       0
       0
       0
       0
       0
       0
       0
       0
       0
       0
       0
       0
       0
       0
       0
       0
       0
       0
       0
       0
       0
       0
       0
       0
       0
       0
       0
       0
       0
       0
       0
       0
       0
       0
       0
       0
       0
       0
       0
       0
       0
       0
       0
       0
       0
       0
       0
       0
       0
       0
       0
       0
       0
       0
       0
       0
       0
       0
       0
       0
       0
       0
       0
       0
       0
       0
       0
       0
       0
       0
       0
       0
       0
       0
       0
       0
       0
       0
       0
       0
       0
       0
       0
       0
       0
       0
       0
       0
       0
       0
       0
       0
       0
       0
       0
       0
       0
       0
       0
       0
       0
       0
       0
       0
       0
       0
$ROI:
2
373 492
1867 1927
$PRESETS:
Live Time
10000
0
$ENER_FIT:
-0.029155 0.001453
$MCA_CAL:
3
-2.915530E-002 1.453416E-003 0.000000E+000 keV
$SHAPE_CAL:
3
0.000000E+000 0.000000E+000 0.000000E+000
